1
1 15
2 23
3 23
4 14
5 5
6 19
7 27
8 5
9 25
10 5
11 18
12 2
13 7
14 19
15 21
16 11
17 20
18 26
19 10
20 18
21 7
22 29
23 3
24 11
25 28
26 23
27 7
28 2
29 15
30 23
31 26
32 11
33 30
34 17
35 26
36 26
37 15
38 21
39 14
40 19
41 17
42 5
43 6
44 4
45 8
46 18
47 30
48 2
49 13
50 10
51 19
52 26
53 9
54 23
55 17
56 4
57 3
58 19
59 14
60 19
61 16
62 27
63 17
64 15
65 14
66 1
67 5
68 27
69 7
70 13
71 3
72 2
73 12
74 8
75 12
76 21
77 6
78 9
79 2
80 5
81 1
82 7
83 7
84 20
85 1
86 22
87 20
88 5
89 8
90 28
91 2
92 12
93 17
94 8
95 24
96 28
97 18
98 23
99 16
100 16
101 28
102 13
103 16
104 29
105 17
106 6
107 11
108 22
109 19
110 11
111 21
112 25
113 11
114 9
115 8
116 15
117 10
118 18
119 30
120 22
121 14
122 24
123 23
124 1
125 6
126 3
127 20
128 10
129 12
130 14
131 10
132 10
133 4
134 4
135 15
136 13
137 27
138 16
139 21
140 29
141 26
142 3
143 20
144 25
145 18
146 3
147 26
148 11
149 28
150 27
151 22
152 2
153 9
154 12
155 29
156 22
157 8
158 23
159 2
160 25
161 21
162 29
163 20
164 10
165 24
166 30
167 11
168 3
169 18
170 22
171 24
172 9
173 13
174 2
175 26
176 2
177 22
178 17
179 12
180 15
181 3
182 25
183 27
184 21
185 29
186 13
187 24
188 1
189 5
190 18
191 10
192 13
193 23
194 21
195 28
196 6
197 12
198 6
199 18
200 29
201 5
202 24
203 4
204 6
205 1
206 30
207 20
208 25
209 23
210 13
211 17
212 25
213 19
214 12
215 9
216 22
217 5
218 27
219 28
220 20
221 21
222 16
223 25
224 14
225 17
226 28
227 12
228 16
229 7
230 23
231 26
232 29
233 6
234 20
235 8
236 21
237 13
238 2
239 24
240 13
241 22
242 14
243 11
244 29
245 29
246 4
247 16
248 17
249 19
250 5
251 20
252 15
253 30
254 7
255 4
256 3
257 4
258 15
259 1
260 24
261 6
262 28
263 7
264 12
265 10
266 30
267 9
268 8
269 7
270 4
271 24
272 28
273 28
274 8
275 11
276 21
277 15
278 1
279 15
280 25
281 18
282 30
283 27
284 14
285 1
286 22
287 12
288 10
289 16
290 27
291 30
292 8
293 18
294 9
295 22
296 3
297 24
298 27
299 16
300 9
