2
1 15
2 23
3 23
4 14
5 5
6 19
7 27
8 5
9 25
10 5
11 18
12 2
13 7
14 19
15 21
16 11
17 20
18 26
19 10
20 18
21 7
22 29
23 3
24 11
25 28
26 23
27 7
28 2
29 15
30 23
31 26
32 11
33 30
34 17
35 26
36 26
37 15
38 21
39 14
40 19
41 17
42 5
43 6
44 4
45 8
46 18
47 30
48 2
49 13
50 10
51 19
52 26
53 9
54 23
55 17
56 4
57 3
58 19
59 14
60 19
61 16
62 27
63 17
64 15
65 14
66 1
67 5
68 27
69 7
70 13
71 3
72 2
73 12
74 8
75 12
76 21
77 6
78 9
79 2
80 5
81 1
82 7
83 7
84 20
85 1
86 22
87 20
88 5
89 8
90 28
91 2
92 12
93 17
94 8
95 24
96 28
97 18
98 23
99 16
100 16
101 28
102 13
103 16
104 29
105 17
106 6
107 11
108 22
109 19
110 11
111 21
112 25
113 11
114 9
115 8
116 15
117 10
118 18
119 30
120 22
121 14
122 24
123 23
124 1
125 6
126 3
127 20
128 10
129 12
130 14
131 10
132 10
133 4
134 4
135 15
136 13
137 27
138 16
139 21
140 29
141 26
142 3
143 20
144 25
145 18
146 3
147 26
148 11
149 28
150 27
151 22
152 2
153 9
154 12
155 29
156 22
157 8
158 23
159 2
160 25
161 21
162 29
163 20
164 10
165 24
166 30
167 11
168 3
169 18
170 22
171 24
172 9
173 13
174 2
175 26
176 2
177 22
178 17
179 12
180 15
181 3
182 25
183 27
184 21
185 29
186 13
187 24
188 1
189 5
190 18
191 10
192 13
193 23
194 21
195 28
196 6
197 12
198 6
199 18
200 29
201 5
202 24
203 4
204 6
205 1
206 30
207 20
208 25
209 23
210 13
211 17
212 25
213 19
214 12
215 9
216 22
217 5
218 27
219 28
220 20
221 21
222 16
223 25
224 14
225 17
226 28
227 12
228 16
229 7
230 23
231 26
232 29
233 6
234 20
235 8
236 21
237 13
238 2
239 24
240 13
241 22
242 14
243 11
244 29
245 29
246 4
247 16
248 17
249 19
250 5
251 20
252 15
253 30
254 7
255 4
256 3
257 4
258 15
259 1
260 24
261 6
262 28
263 7
264 12
265 10
266 30
267 9
268 8
269 7
270 4
271 24
272 28
273 28
274 8
275 11
276 21
277 15
278 1
279 15
280 25
281 18
282 30
283 27
284 14
285 1
286 22
287 12
288 10
289 16
290 27
291 30
292 8
293 18
294 9
295 22
296 3
297 24
298 27
299 16
300 9
1 12
2 9
3 27
4 21
5 20
6 13
7 7
8 9
9 17
10 24
11 18
12 16
13 8
14 29
15 22
16 2
17 16
18 22
19 2
20 25
21 29
22 7
23 29
24 11
25 28
26 13
27 27
28 10
29 24
30 14
31 15
32 18
33 10
34 21
35 15
36 9
37 18
38 25
39 2
40 5
41 2
42 26
43 19
44 20
45 8
46 23
47 7
48 15
49 8
50 28
51 6
52 27
53 12
54 29
55 12
56 25
57 9
58 14
59 25
60 1
61 28
62 26
63 17
64 26
65 24
66 10
67 26
68 11
69 14
70 23
71 19
72 23
73 10
74 16
75 18
76 17
77 3
78 7
79 2
80 26
81 28
82 29
83 15
84 9
85 10
86 10
87 29
88 28
89 5
90 3
91 26
92 14
93 7
94 18
95 21
96 8
97 5
98 22
99 22
100 17
101 27
102 20
103 10
104 4
105 16
106 28
107 2
108 20
109 6
110 17
111 7
112 17
113 17
114 30
115 5
116 19
117 12
118 5
119 4
120 9
121 25
122 3
123 14
124 8
125 1
126 18
127 28
128 25
129 11
130 14
131 22
132 26
133 30
134 9
135 10
136 16
137 16
138 28
139 2
140 12
141 5
142 9
143 16
144 29
145 22
146 2
147 27
148 7
149 1
150 6
151 21
152 7
153 18
154 23
155 6
156 25
157 30
158 4
159 8
160 19
161 2
162 5
163 5
164 11
165 3
166 21
167 27
168 28
169 8
170 1
171 23
172 21
173 2
174 25
175 22
176 24
177 24
178 14
179 21
180 23
181 28
182 26
183 15
184 13
185 4
186 11
187 6
188 12
189 24
190 13
191 14
192 19
193 25
194 14
195 4
196 27
197 10
198 25
199 15
200 26
201 8
202 22
203 27
204 13
205 24
206 27
207 11
208 11
209 24
210 13
211 7
212 26
213 7
214 6
215 1
216 20
217 1
218 6
219 20
220 30
221 8
222 23
223 3
224 19
225 17
226 8
227 12
228 22
229 5
230 11
231 30
232 5
233 9
234 4
235 22
236 30
237 25
238 18
239 15
240 1
241 13
242 13
243 17
244 23
245 19
246 28
247 23
248 16
249 30
250 19
251 6
252 7
253 11
254 1
255 29
256 16
257 1
258 11
259 1
260 20
261 1
262 24
263 20
264 5
265 19
266 23
267 3
268 3
269 9
270 18
271 21
272 2
273 11
274 22
275 14
276 10
277 26
278 4
279 17
280 3
281 30
282 12
283 4
284 29
285 20
286 4
287 15
288 24
289 20
290 30
291 4
292 15
293 6
294 3
295 14
296 19
297 21
298 13
299 27
300 12
