1
1 12
2 18
3 28
4 21
5 22
6 2
7 16
8 29
9 8
10 14
11 9
12 14
13 10
14 24
15 18
16 16
17 12
18 26
19 25
20 22
21 3
22 17
23 3
24 30
25 3
26 7
27 13
28 27
29 11
30 19
31 26
32 2
33 3
34 8
35 2
36 2
37 9
38 17
39 11
40 22
41 19
42 22
43 30
44 12
45 10
46 5
47 20
48 23
49 1
50 12
51 27
52 30
53 28
54 24
55 11
56 25
57 17
58 28
59 14
60 11
61 7
62 8
63 30
64 15
65 21
66 10
67 15
68 30
69 18
70 14
71 16
72 12
73 24
74 1
75 23
76 9
77 7
78 20
79 23
80 2
81 9
82 9
83 18
84 18
85 3
86 12
87 27
88 25
89 29
90 4
91 20
92 21
93 17
94 29
95 6
96 29
97 4
98 12
99 13
100 28
101 26
102 21
103 17
104 6
105 26
106 29
107 30
108 27
109 17
110 16
111 27
112 22
113 29
114 10
115 27
116 11
117 5
118 8
119 4
120 6
121 22
122 10
123 23
124 23
125 29
126 30
127 9
128 16
129 27
130 21
131 6
132 4
133 5
134 8
135 10
136 29
137 5
138 13
139 30
140 2
141 25
142 25
143 16
144 6
145 16
146 13
147 8
148 15
149 1
150 15
151 14
152 17
153 19
154 25
155 17
156 19
157 21
158 4
159 24
160 24
161 18
162 12
163 13
164 1
165 13
166 22
167 15
168 25
169 20
170 6
171 13
172 8
173 20
174 11
175 11
176 26
177 16
178 19
179 21
180 12
181 22
182 6
183 4
184 25
185 19
186 7
187 18
188 18
189 21
190 4
191 23
192 27
193 20
194 23
195 1
196 7
197 3
198 17
199 18
200 28
201 13
202 19
203 21
204 13
205 5
206 23
207 11
208 2
209 8
210 28
211 7
212 15
213 26
214 19
215 29
216 10
217 26
218 3
219 16
220 10
221 1
222 6
223 10
224 18
225 22
226 24
227 14
228 27
229 14
230 15
231 14
232 26
233 9
234 27
235 5
236 14
237 15
238 23
239 1
240 14
241 7
242 1
243 7
244 6
245 6
246 24
247 2
248 10
249 24
250 7
251 6
252 28
253 24
254 17
255 16
256 5
257 1
258 11
259 9
260 3
261 7
262 9
263 13
264 25
265 13
266 3
267 4
268 14
269 4
270 21
271 10
272 23
273 15
274 20
275 26
276 7
277 8
278 18
279 8
280 22
281 8
282 20
283 28
284 3
285 16
286 2
287 30
288 28
289 9
290 25
291 19
292 29
293 21
294 17
295 22
296 29
297 27
298 20
299 5
300 5
