1
1 9
2 9
3 5
4 4
5 7
6 9
7 9
8 5
9 9
10 7
11 8
12 7
13 4
14 6
15 1
16 3
17 8
18 2
19 7
20 6
21 6
22 2
23 10
24 6
25 10
26 9
27 9
28 8
29 7
30 1
31 2
32 3
33 5
34 3
35 10
36 4
37 4
38 10
39 3
40 7
41 5
42 3
43 4
44 4
45 4
46 2
47 3
48 8
49 10
50 10
51 8
52 5
53 7
54 7
55 1
56 8
57 1
58 3
59 6
60 5
61 6
62 9
63 5
64 9
65 2
66 10
67 7
68 10
69 2
70 3
71 1
72 6
73 5
74 4
75 9
76 1
77 5
78 8
79 5
80 10
81 2
82 6
83 1
84 4
85 10
86 10
87 3
88 6
89 1
90 3
91 5
92 1
93 8
94 8
95 2
96 8
97 6
98 6
99 1
100 2
