2
1 9
2 9
3 5
4 4
5 7
6 9
7 9
8 5
9 9
10 7
11 8
12 7
13 4
14 6
15 1
16 3
17 8
18 2
19 7
20 6
21 6
22 2
23 10
24 6
25 10
26 9
27 9
28 8
29 7
30 1
31 2
32 3
33 5
34 3
35 10
36 4
37 4
38 10
39 3
40 7
41 5
42 3
43 4
44 4
45 4
46 2
47 3
48 8
49 10
50 10
51 8
52 5
53 7
54 7
55 1
56 8
57 1
58 3
59 6
60 5
61 6
62 9
63 5
64 9
65 2
66 10
67 7
68 10
69 2
70 3
71 1
72 6
73 5
74 4
75 9
76 1
77 5
78 8
79 5
80 10
81 2
82 6
83 1
84 4
85 10
86 10
87 3
88 6
89 1
90 3
91 5
92 1
93 8
94 8
95 2
96 8
97 6
98 6
99 1
100 2
1 7
2 6
3 5
4 7
5 1
6 10
7 9
8 9
9 9
10 5
11 7
12 9
13 1
14 8
15 7
16 1
17 5
18 3
19 9
20 6
21 1
22 5
23 8
24 2
25 5
26 6
27 4
28 7
29 6
30 6
31 5
32 5
33 1
34 10
35 6
36 2
37 10
38 4
39 1
40 10
41 1
42 4
43 10
44 9
45 2
46 8
47 8
48 5
49 8
50 3
51 8
52 9
53 2
54 7
55 2
56 4
57 7
58 6
59 8
60 2
61 6
62 8
63 1
64 3
65 10
66 3
67 10
68 4
69 3
70 10
71 4
72 7
73 4
74 6
75 7
76 7
77 3
78 9
79 4
80 3
81 2
82 4
83 9
84 4
85 2
86 3
87 5
88 4
89 8
90 2
91 5
92 3
93 10
94 3
95 5
96 1
97 3
98 9
99 6
100 9
