2
1 4
2 4
3 10
4 8
5 4
6 9
7 7
8 6
9 9
10 9
11 2
12 2
13 1
14 4
15 3
16 7
17 6
18 3
19 7
20 6
21 10
22 9
23 4
24 7
25 2
26 4
27 3
28 5
29 1
30 1
31 8
32 7
33 1
34 3
35 1
36 6
37 8
38 6
39 8
40 1
41 10
42 7
43 5
44 2
45 1
46 7
47 7
48 8
49 10
50 8
51 4
52 2
53 8
54 5
55 2
56 4
57 8
58 5
59 10
60 6
61 5
62 6
63 6
64 9
65 3
66 7
67 9
68 9
69 9
70 3
71 9
72 5
73 9
74 1
75 4
76 1
77 3
78 2
79 2
80 4
81 7
82 10
83 6
84 5
85 1
86 5
87 8
88 8
89 3
90 1
91 4
92 5
93 10
94 10
95 8
96 10
97 3
98 2
99 9
100 5
1 9
2 8
3 1
4 4
5 9
6 5
7 3
8 7
9 5
10 9
11 10
12 10
13 9
14 8
15 6
16 9
17 4
18 6
19 3
20 7
21 1
22 5
23 8
24 6
25 10
26 8
27 5
28 3
29 2
30 2
31 4
32 8
33 2
34 9
35 2
36 7
37 10
38 7
39 4
40 2
41 1
42 6
43 6
44 10
45 2
46 7
47 9
48 4
49 1
50 4
51 8
52 10
53 10
54 4
55 10
56 8
57 4
58 3
59 1
60 7
61 6
62 7
63 7
64 5
65 6
66 3
67 9
68 5
69 5
70 6
71 5
72 3
73 5
74 2
75 3
76 2
77 8
78 10
79 10
80 1
81 6
82 1
83 7
84 3
85 2
86 3
87 4
88 5
89 6
90 2
91 8
92 1
93 1
94 1
95 4
96 1
97 6
98 10
99 5
100 9
