1
1 4
2 4
3 10
4 8
5 4
6 9
7 7
8 6
9 9
10 9
11 2
12 2
13 1
14 4
15 3
16 7
17 6
18 3
19 7
20 6
21 10
22 9
23 4
24 7
25 2
26 4
27 3
28 5
29 1
30 1
31 8
32 7
33 1
34 3
35 1
36 6
37 8
38 6
39 8
40 1
41 10
42 7
43 5
44 2
45 1
46 7
47 7
48 8
49 10
50 8
51 4
52 2
53 8
54 5
55 2
56 4
57 8
58 5
59 10
60 6
61 5
62 6
63 6
64 9
65 3
66 7
67 9
68 9
69 9
70 3
71 9
72 5
73 9
74 1
75 4
76 1
77 3
78 2
79 2
80 4
81 7
82 10
83 6
84 5
85 1
86 5
87 8
88 8
89 3
90 1
91 4
92 5
93 10
94 10
95 8
96 10
97 3
98 2
99 9
100 5
