1
1 33
2 20
3 36
4 33
5 26
6 33
7 36
8 33
9 36
10 36
11 36
12 33
13 26
14 26
15 26
16 36
17 33
18 36
19 20
20 26
21 26
22 20
23 20
24 20
25 36
26 26
27 26
28 26
29 26
30 33
31 26
32 33
33 33
34 20
35 20
36 20
37 20
38 36
39 26
40 26
41 36
42 26
43 26
44 36
45 33
46 33
47 33
48 36
49 26
50 20
51 33
52 33
53 26
54 36
55 26
56 33
57 20
58 20
59 20
60 36
61 36
62 36
63 26
64 20
65 36
66 20
67 26
68 36
69 26
70 36
71 33
72 33
73 33
74 33
75 20
76 36
77 20
78 33
79 20
80 20
81 36
82 36
83 36
84 26
85 26
86 26
87 33
88 20
