1
1 15
2 15
3 19
4 15
5 19
6 44
7 15
8 44
9 19
10 19
11 19
12 44
13 19
14 19
15 19
16 44
17 19
18 19
19 44
20 44
21 19
22 19
23 44
24 15
25 15
26 15
27 15
28 19
29 15
30 15
31 42
32 44
33 15
34 19
35 19
36 44
37 15
38 19
39 15
40 19
41 42
42 44
43 15
44 19
45 19
46 44
47 19
48 44
49 15
50 42
51 44
52 42
53 44
54 15
55 44
56 44
57 44
58 42
59 15
60 15
61 44
62 44
63 15
64 15
65 44
66 44
67 44
68 15
69 19
70 44
71 44
72 19
73 15
74 19
75 19
76 44
77 44
78 44
79 44
80 19
81 44
82 19
83 44
84 44
85 15
86 42
87 19
88 15
89 42
90 19
91 42
92 15
93 44
94 15
95 42
96 15
97 19
98 44
99 44
100 19
101 19
102 15
103 19
104 44
105 19
