1
1 24
2 27
3 8
4 32
5 36
6 18
7 35
8 17
9 3
10 7
11 4
12 25
13 9
14 31
15 15
16 33
17 9
18 21
19 16
20 39
21 32
22 27
23 12
24 27
25 18
26 14
27 17
28 33
29 6
30 20
31 30
32 22
33 7
34 33
35 2
36 25
37 13
38 34
39 23
40 34
41 28
42 12
43 8
44 9
45 35
46 19
47 20
48 28
49 31
50 26
51 8
52 38
53 38
54 9
55 27
56 1
57 28
58 22
59 27
60 39
61 11
62 24
63 11
64 30
65 39
66 29
67 6
68 32
69 15
70 19
71 30
72 36
73 11
74 17
75 35
76 37
77 6
78 7
79 38
80 31
81 18
82 40
83 26
84 16
85 4
86 1
87 21
88 10
89 40
90 15
91 6
92 35
93 25
94 6
95 6
96 24
97 11
98 40
99 34
100 37
101 1
102 27
103 7
104 2
105 13
106 13
107 20
108 14
109 31
110 7
111 40
112 23
113 5
114 15
115 11
116 34
117 22
118 31
119 10
120 36
121 9
122 28
123 26
124 4
125 12
126 19
127 29
128 13
129 6
130 10
131 16
132 33
133 40
134 9
135 35
136 17
137 15
138 19
139 32
140 10
141 21
142 28
143 4
144 36
145 32
146 7
147 37
148 36
149 7
150 37
151 30
152 33
153 4
154 2
155 37
156 4
157 10
158 23
159 25
160 17
161 3
162 16
163 13
164 26
165 23
166 36
167 17
168 14
169 20
170 40
171 5
172 28
173 21
174 37
175 28
176 3
177 37
178 31
179 19
180 16
181 13
182 18
183 3
184 29
185 16
186 23
187 36
188 40
189 35
190 6
191 19
192 25
193 19
194 13
195 12
196 35
197 40
198 26
199 31
200 4
201 7
202 20
203 14
204 3
205 36
206 24
207 39
208 30
209 30
210 6
211 12
212 8
213 29
214 38
215 7
216 17
217 10
218 22
219 5
220 39
221 14
222 24
223 29
224 10
225 23
226 8
227 3
228 18
229 18
230 5
231 34
232 25
233 20
234 30
235 19
236 32
237 35
238 24
239 32
240 22
241 17
242 39
243 27
244 26
245 26
246 11
247 3
248 27
249 16
250 39
251 13
252 21
253 34
254 38
255 9
256 12
257 8
258 11
259 8
260 1
261 33
262 12
263 25
264 4
265 36
266 18
267 32
268 15
269 3
270 12
271 34
272 39
273 39
274 15
275 2
276 6
277 29
278 33
279 1
280 27
281 10
282 38
283 5
284 31
285 23
286 4
287 40
288 1
289 5
290 21
291 5
292 38
293 25
294 38
295 2
296 16
297 36
298 21
299 29
300 36
301 26
302 34
303 20
304 21
305 13
306 33
307 6
308 29
309 22
310 28
311 1
312 13
313 22
314 16
315 8
316 2
317 24
318 11
319 38
320 5
321 14
322 1
323 18
324 15
325 3
326 30
327 19
328 2
329 19
330 11
331 24
332 8
333 26
334 21
335 12
336 14
337 3
338 17
339 23
340 25
341 7
342 14
343 35
344 24
345 34
346 37
347 10
348 27
349 11
350 40
351 9
352 14
353 23
354 18
355 37
356 22
357 30
358 18
359 15
360 30
361 32
362 31
363 22
364 24
365 25
366 4
367 33
368 23
369 30
370 7
371 28
372 1
373 5
374 16
375 22
376 23
377 16
378 38
379 20
380 19
381 40
382 29
383 27
384 10
385 28
386 32
387 2
388 20
389 2
390 29
391 28
392 33
393 32
394 9
395 24
396 12
397 25
398 18
399 4
400 8
