1
1 18
2 26
3 16
4 5
5 8
6 29
7 2
8 20
9 3
10 27
11 14
12 38
13 13
14 36
15 38
16 18
17 29
18 30
19 40
20 35
21 31
22 29
23 12
24 9
25 36
26 22
27 18
28 12
29 24
30 19
31 24
32 40
33 22
34 10
35 7
36 10
37 3
38 29
39 20
40 2
41 2
42 1
43 28
44 21
45 37
46 13
47 34
48 7
49 36
50 17
51 5
52 6
53 22
54 32
55 34
56 31
57 23
58 9
59 15
60 2
61 21
62 6
63 7
64 7
65 15
66 38
67 4
68 39
69 28
70 22
71 11
72 35
73 26
74 34
75 40
76 38
77 35
78 40
79 40
80 1
81 28
82 4
83 30
84 13
85 38
86 5
87 14
88 38
89 15
90 33
91 39
92 9
93 29
94 37
95 27
96 15
97 20
98 17
99 27
100 10
101 19
102 9
103 9
104 3
105 11
106 1
107 40
108 11
109 24
110 8
111 9
112 12
113 20
114 40
115 1
116 2
117 17
118 8
119 32
120 14
121 26
122 24
123 35
124 20
125 11
126 35
127 12
128 1
129 5
130 16
131 3
132 28
133 17
134 4
135 30
136 18
137 30
138 31
139 32
140 17
141 40
142 38
143 31
144 15
145 24
146 2
147 4
148 27
149 11
150 5
151 14
152 17
153 32
154 17
155 19
156 38
157 36
158 12
159 34
160 20
161 30
162 7
163 25
164 16
165 22
166 32
167 29
168 25
169 7
170 8
171 17
172 25
173 3
174 22
175 29
176 11
177 9
178 25
179 8
180 34
181 37
182 9
183 30
184 29
185 2
186 21
187 27
188 16
189 25
190 20
191 35
192 19
193 34
194 27
195 13
196 34
197 28
198 26
199 10
200 28
201 2
202 39
203 6
204 40
205 39
206 25
207 23
208 23
209 13
210 8
211 27
212 22
213 4
214 19
215 39
216 15
217 36
218 37
219 4
220 39
221 30
222 3
223 17
224 33
225 5
226 27
227 14
228 6
229 33
230 17
231 21
232 11
233 32
234 38
235 21
236 19
237 26
238 15
239 36
240 33
241 22
242 11
243 24
244 25
245 20
246 12
247 10
248 13
249 39
250 37
251 19
252 3
253 31
254 31
255 13
256 12
257 36
258 39
259 5
260 36
261 36
262 29
263 8
264 6
265 24
266 26
267 37
268 24
269 18
270 37
271 8
272 31
273 36
274 4
275 37
276 5
277 26
278 6
279 14
280 9
281 1
282 15
283 8
284 33
285 9
286 27
287 40
288 35
289 31
290 26
291 10
292 7
293 20
294 33
295 3
296 14
297 13
298 2
299 5
300 33
301 32
302 22
303 40
304 28
305 12
306 21
307 2
308 15
309 12
310 35
311 3
312 6
313 19
314 1
315 6
316 1
317 31
318 19
319 23
320 16
321 16
322 4
323 13
324 9
325 28
326 21
327 20
328 16
329 6
330 35
331 32
332 21
333 25
334 35
335 25
336 10
337 23
338 14
339 37
340 29
341 23
342 30
343 15
344 33
345 7
346 16
347 28
348 26
349 8
350 39
351 32
352 37
353 11
354 24
355 30
356 3
357 14
358 10
359 12
360 17
361 20
362 7
363 3
364 7
365 34
366 6
367 25
368 29
369 23
370 4
371 22
372 28
373 8
374 12
375 10
376 34
377 2
378 23
379 14
380 16
381 21
382 18
383 16
384 36
385 19
386 18
387 6
388 24
389 38
390 35
391 1
392 5
393 15
394 14
395 33
396 18
397 11
398 18
399 23
400 18
