2
1 16
2 6
3 11
4 1
5 19
6 2
7 3
8 19
9 19
10 10
11 3
12 13
13 2
14 15
15 17
16 18
17 2
18 13
19 3
20 20
21 4
22 20
23 12
24 7
25 11
26 16
27 6
28 15
29 10
30 8
31 19
32 12
33 13
34 20
35 6
36 12
37 14
38 3
39 6
40 7
41 4
42 11
43 14
44 18
45 9
46 11
47 12
48 12
49 8
50 6
51 2
52 2
53 19
54 19
55 14
56 16
57 13
58 2
59 13
60 16
61 1
62 18
63 12
64 8
65 10
66 8
67 5
68 11
69 13
70 11
71 7
72 11
73 19
74 6
75 18
76 4
77 12
78 13
79 15
80 5
81 20
82 10
83 20
84 9
85 9
86 7
87 18
88 5
89 3
90 9
91 15
92 18
93 15
94 4
95 4
96 20
97 9
98 5
99 14
100 3
101 9
102 17
103 4
104 9
105 11
106 6
107 11
108 7
109 14
110 10
111 7
112 18
113 10
114 3
115 4
116 18
117 13
118 3
119 11
120 15
121 16
122 1
123 10
124 16
125 1
126 17
127 14
128 17
129 12
130 19
131 4
132 14
133 20
134 9
135 8
136 10
137 5
138 16
139 1
140 8
141 9
142 17
143 10
144 1
145 18
146 2
147 19
148 8
149 15
150 15
151 20
152 8
153 14
154 20
155 17
156 16
157 18
158 19
159 8
160 2
161 15
162 20
163 4
164 17
165 3
166 13
167 7
168 9
169 8
170 12
171 17
172 12
173 1
174 16
175 6
176 7
177 5
178 18
179 7
180 9
181 8
182 1
183 6
184 17
185 6
186 5
187 19
188 5
189 14
190 20
191 7
192 2
193 16
194 16
195 5
196 1
197 12
198 2
199 6
200 13
1 18
2 9
3 14
4 13
5 20
6 19
7 19
8 4
9 11
10 18
11 2
12 18
13 17
14 3
15 2
16 3
17 17
18 12
19 7
20 20
21 7
22 5
23 11
24 15
25 10
26 4
27 19
28 13
29 20
30 2
31 13
32 8
33 12
34 10
35 6
36 14
37 20
38 2
39 7
40 14
41 9
42 13
43 1
44 6
45 12
46 3
47 6
48 19
49 9
50 16
51 17
52 19
53 13
54 16
55 11
56 5
57 7
58 16
59 6
60 10
61 6
62 1
63 6
64 18
65 16
66 18
67 4
68 10
69 14
70 16
71 5
72 15
73 2
74 7
75 11
76 5
77 20
78 14
79 4
80 2
81 6
82 8
83 5
84 4
85 12
86 15
87 3
88 12
89 18
90 20
91 3
92 2
93 15
94 11
95 8
96 10
97 15
98 12
99 20
100 14
101 20
102 13
103 7
104 15
105 2
106 8
107 6
108 17
109 20
110 18
111 8
112 17
113 1
114 14
115 11
116 16
117 6
118 5
119 14
120 16
121 4
122 9
123 3
124 10
125 3
126 10
127 4
128 1
129 4
130 2
131 5
132 10
133 9
134 15
135 5
136 16
137 5
138 1
139 9
140 8
141 12
142 13
143 18
144 2
145 20
146 19
147 7
148 9
149 1
150 3
151 17
152 9
153 19
154 1
155 8
156 10
157 19
158 5
159 14
160 17
161 13
162 18
163 11
164 19
165 5
166 14
167 7
168 15
169 16
170 3
171 13
172 6
173 15
174 15
175 17
176 11
177 12
178 15
179 7
180 4
181 20
182 4
183 16
184 2
185 8
186 17
187 9
188 12
189 1
190 16
191 3
192 8
193 7
194 1
195 14
196 17
197 6
198 17
199 11
200 9
