1
1 16
2 6
3 11
4 1
5 19
6 2
7 3
8 19
9 19
10 10
11 3
12 13
13 2
14 15
15 17
16 18
17 2
18 13
19 3
20 20
21 4
22 20
23 12
24 7
25 11
26 16
27 6
28 15
29 10
30 8
31 19
32 12
33 13
34 20
35 6
36 12
37 14
38 3
39 6
40 7
41 4
42 11
43 14
44 18
45 9
46 11
47 12
48 12
49 8
50 6
51 2
52 2
53 19
54 19
55 14
56 16
57 13
58 2
59 13
60 16
61 1
62 18
63 12
64 8
65 10
66 8
67 5
68 11
69 13
70 11
71 7
72 11
73 19
74 6
75 18
76 4
77 12
78 13
79 15
80 5
81 20
82 10
83 20
84 9
85 9
86 7
87 18
88 5
89 3
90 9
91 15
92 18
93 15
94 4
95 4
96 20
97 9
98 5
99 14
100 3
101 9
102 17
103 4
104 9
105 11
106 6
107 11
108 7
109 14
110 10
111 7
112 18
113 10
114 3
115 4
116 18
117 13
118 3
119 11
120 15
121 16
122 1
123 10
124 16
125 1
126 17
127 14
128 17
129 12
130 19
131 4
132 14
133 20
134 9
135 8
136 10
137 5
138 16
139 1
140 8
141 9
142 17
143 10
144 1
145 18
146 2
147 19
148 8
149 15
150 15
151 20
152 8
153 14
154 20
155 17
156 16
157 18
158 19
159 8
160 2
161 15
162 20
163 4
164 17
165 3
166 13
167 7
168 9
169 8
170 12
171 17
172 12
173 1
174 16
175 6
176 7
177 5
178 18
179 7
180 9
181 8
182 1
183 6
184 17
185 6
186 5
187 19
188 5
189 14
190 20
191 7
192 2
193 16
194 16
195 5
196 1
197 12
198 2
199 6
200 13
