1
1 12
2 7
3 9
4 8
5 17
6 17
7 19
8 10
9 18
10 14
11 18
12 9
13 6
14 3
15 4
16 5
17 10
18 2
19 9
20 3
21 6
22 12
23 18
24 18
25 16
26 14
27 6
28 4
29 17
30 7
31 16
32 19
33 4
34 13
35 10
36 20
37 15
38 4
39 3
40 20
41 8
42 4
43 1
44 3
45 9
46 5
47 8
48 11
49 13
50 15
51 13
52 5
53 20
54 19
55 6
56 14
57 8
58 7
59 8
60 8
61 12
62 5
63 9
64 10
65 17
66 20
67 17
68 9
69 1
70 14
71 4
72 15
73 12
74 19
75 11
76 18
77 11
78 11
79 5
80 16
81 18
82 13
83 19
84 1
85 18
86 14
87 1
88 9
89 7
90 6
91 2
92 13
93 16
94 11
95 5
96 3
97 19
98 15
99 19
100 5
101 17
102 14
103 11
104 16
105 17
106 19
107 1
108 8
109 14
110 1
111 20
112 10
113 18
114 2
115 15
116 13
117 2
118 9
119 6
120 16
121 14
122 15
123 13
124 13
125 15
126 15
127 10
128 11
129 4
130 16
131 3
132 15
133 7
134 18
135 17
136 7
137 2
138 10
139 2
140 18
141 20
142 1
143 2
144 20
145 8
146 13
147 3
148 3
149 6
150 4
151 12
152 18
153 12
154 14
155 10
156 11
157 11
158 11
159 17
160 2
161 5
162 16
163 10
164 4
165 5
166 2
167 9
168 12
169 11
170 7
171 1
172 1
173 10
174 16
175 4
176 12
177 10
178 7
179 14
180 20
181 15
182 20
183 15
184 6
185 3
186 1
187 19
188 6
189 6
190 8
191 5
192 12
193 20
194 19
195 2
196 4
197 2
198 1
199 7
200 14
